cell.type,coor.X,coor.Y
1,21,33
1,22,33
1,21,34
1,22,34
1,23,33
1,21,35
1,23,34
1,23,32
1,23,35
1,24,33
1,21,36
1,24,34
1,24,32
1,22,36
1,23,36
1,24,31
1,25,34
1,25,32
1,22,37
1,24,36
1,25,31
1,23,37
1,25,36
1,25,30
1,24,37
1,26,34
1,26,32
1,26,31
1,23,28
1,25,37
1,25,29
1,26,36
1,26,30
1,24,38
1,24,28
1,27,33
1,27,34
1,27,32
1,27,35
1,27,31
1,23,27
1,26,37
1,26,29
1,25,28
1,25,38
1,27,36
1,27,30
1,24,27
1,24,39
1,28,33
1,28,34
1,28,32
1,26,38
1,26,28
1,27,37
1,27,29
1,25,27
1,25,39
1,28,35
1,28,31
1,23,26
1,28,36
1,28,30
1,24,40
1,24,26
1,26,39
1,27,38
1,27,28
1,26,27
1,29,33
1,29,34
1,29,32
1,28,37
1,25,40
1,25,26
1,29,35
1,29,31
1,27,39
1,27,27
1,29,36
1,29,30
1,24,25
1,28,38
1,28,28
1,26,40
1,26,26
1,29,37
1,29,29
1,25,41
1,25,25
1,30,33
1,30,32
1,30,35
1,30,31
1,28,39
1,27,40
1,28,27
1,27,26
1,29,38
1,29,28
1,30,36
1,30,30
1,30,29
1,30,37
1,25,42
1,28,40
1,28,26
1,31,33
1,29,39
1,27,41
1,29,27
1,27,25
1,31,34
1,31,32
1,31,35
1,31,31
1,30,38
1,26,42
1,31,36
1,31,30
2,29,40
2,28,41
2,29,26
2,28,25
2,31,29
2,25,43
2,30,39
2,27,42
2,30,27
2,32,33
2,32,34
2,32,32
2,32,35
2,32,31
2,31,38
2,31,28
2,26,43
2,29,41
2,29,25
2,32,30
2,30,40
2,28,42
2,30,26
2,28,24
2,31,27
2,27,43
2,32,37
2,32,29
2,33,33
2,33,34
2,33,32
2,30,41
2,29,42
2,30,25
2,32,28
2,33,31
2,33,35
2,31,40
2,28,43
2,31,26
2,33,36
2,33,30
2,32,39
2,32,27
2,33,27
2,35,33
2,35,35
2,31,23
2,35,28
2,32,43
2,35,27
2,35,26
2,36,38
2,35,25
2,34,43
2,34,23
2,33,45
2,33,21
2,37,27
2,31,47
2,24,35
2,25,33
2,24,30
2,26,35
2,26,41
2,31,37
2,29,24
2,27,44
2,33,29
2,31,25
2,29,23
2,34,33
2,33,38
2,33,28
2,28,44
2,34,36
2,34,30
2,33,39
2,30,43
2,31,24
2,34,37
2,32,41
2,32,25
2,29,44
2,33,40
2,33,26
2,31,43
2,35,36
2,35,30
2,34,27
2,33,41
2,35,29
2,34,26
2,36,33
2,33,24
2,30,45
2,36,34
2,36,32
2,36,36
2,36,30
2,32,44
2,31,45
2,31,21
2,35,40
2,37,32
2,37,35
2,36,39
2,37,36
2,31,46
2,37,37
2,37,29
2,37,28
2,38,33
2,34,22
2,38,35
2,38,31
2,35,43
2,38,37
2,37,26
2,36,42
2,36,24
2,34,45
2,33,46
2,38,38
2,35,22
2,37,41
2,39,34
2,39,32
2,38,39
2,36,23
2,39,36
2,39,30
2,38,42
2,40,27
2,40,25
2,37,47
2,41,25
2,44,32
2,44,35
2,45,36
2,22,35
2,25,35
2,26,33
2,28,29
2,30,34
2,26,25
2,30,28
2,32,36
2,31,39
2,32,38
3,30,42
3,31,41
3,34,34
3,34,32
3,32,40
3,32,26
3,34,35
3,34,31
3,27,45
3,31,42
3,30,23
3,28,45
3,35,34
3,35,32
3,35,31
3,30,44
3,32,24
3,34,39
3,33,25
3,35,37
3,34,40
3,35,38
3,32,23
3,33,42
3,36,35
3,36,31
3,35,39
3,34,41
3,34,25
3,29,46
3,36,37
3,36,29
3,32,22
3,33,43
3,36,28
3,34,42
3,34,24
3,30,46
3,37,33
3,37,34
3,37,31
3,35,41
3,36,27
3,33,44
3,32,45
3,33,22
3,32,21
3,36,40
3,36,26
3,35,42
3,35,24
3,36,41
3,36,25
3,38,34
3,38,32
3,34,44
3,32,46
3,37,39
3,35,23
3,38,36
3,38,30
3,38,29
3,37,40
3,35,44
3,32,47
3,37,25
3,39,33
3,38,27
3,39,35
3,39,31
3,37,24
3,38,26
3,33,47
3,37,43
3,39,39
3,40,33
3,40,31
3,39,40
3,38,43
3,41,33
3,41,38
3,41,39
3,43,28
3,44,36
3,44,30
3,43,41
3,45,34
3,44,40
3,46,33
3,47,37
3,33,37
3,30,24
3,29,43
3,34,29
3,34,38
3,34,28
3,32,42
3,29,45
3,31,44
3,33,23
4,37,30
4,37,38
4,38,28
4,36,43
4,37,42
4,38,40
4,34,46
4,39,37
4,39,29
4,35,45
4,36,44
4,32,48
4,36,22
4,39,38
4,39,28
4,38,41
4,38,25
4,37,23
4,39,27
4,40,34
4,40,32
4,40,35
4,35,46
4,34,47
4,36,45
4,33,48
4,40,36
4,40,30
4,38,24
4,39,26
4,40,37
4,40,29
4,37,44
4,37,22
4,32,49
4,40,38
4,40,28
4,39,41
4,39,25
4,38,23
4,36,46
4,34,48
4,40,39
4,37,21
4,37,45
4,41,34
4,41,32
4,41,35
4,41,31
4,39,42
4,39,24
4,41,36
4,41,30
4,40,40
4,40,26
4,38,44
4,41,37
4,41,29
4,36,47
4,39,43
4,40,41
4,41,28
4,37,46
4,34,49
4,38,45
4,41,27
4,42,33
4,40,42
4,42,34
4,42,32
4,40,24
4,42,35
4,42,31
4,39,44
4,41,40
4,41,26
4,42,36
4,42,30
4,42,37
4,42,29
4,40,43
4,41,41
4,42,38
4,42,28
4,39,45
4,42,39
4,42,27
4,41,42
4,43,33
4,43,34
4,43,32
4,43,35
4,43,31
4,42,40
4,42,26
4,43,36
4,43,30
4,43,37
4,41,43
4,43,29
4,42,41
4,43,38
4,43,39
4,43,27
4,41,44
4,42,42
4,44,33
4,44,34
4,43,40
4,44,31
4,43,26
4,42,43
4,41,45
4,44,37
4,44,38
4,42,44
4,44,39
4,43,42
4,45,33
4,45,35
4,45,37
4,44,41
4,45,38
4,45,39
4,45,40
4,46,36
4,45,41
4,46,37
4,46,38
4,48,37
