0 1
0 2
1 0
1 3
1 4
2 0
2 3
2 5
3 1
3 2
3 6
3 260
4 1
4 6
4 7
4 9
5 2
5 10
5 260
6 3
6 4
6 8
6 11
7 4
7 12
8 6
8 14
8 180
8 260
9 4
9 11
9 12
9 181
10 5
10 13
11 6
11 9
11 16
11 180
12 7
12 9
12 15
12 17
13 10
13 14
13 18
13 260
14 8
14 13
14 19
14 21
15 12
15 20
15 182
16 11
16 25
16 181
16 261
17 12
17 20
17 26
17 181
18 13
18 21
19 14
19 22
19 24
19 180
20 15
20 17
20 23
20 27
21 14
21 18
21 24
22 19
22 29
22 31
22 261
23 20
23 30
23 32
23 182
24 19
24 21
24 29
24 33
25 16
25 36
25 183
25 262
26 17
26 27
26 37
26 262
27 20
27 26
27 32
27 39
28 34
28 40
29 22
29 24
29 41
29 44
30 23
30 42
30 43
31 22
31 41
31 45
31 183
32 23
32 27
32 42
32 46
33 24
33 44
33 48
34 28
34 43
34 47
35 36
35 37
35 49
35 262
36 25
36 35
36 38
36 50
37 26
37 35
37 39
37 51
38 36
38 45
38 58
38 183
39 27
39 37
39 46
39 59
40 28
40 47
40 60
41 29
41 31
41 52
41 54
42 30
42 32
42 53
42 55
43 30
43 34
43 53
43 56
44 29
44 33
44 52
44 57
45 31
45 38
45 54
45 61
46 32
46 39
46 55
46 62
47 34
47 40
47 56
47 64
48 33
48 57
48 63
49 35
49 50
49 51
49 69
50 36
50 49
50 58
50 70
51 37
51 49
51 59
51 71
52 41
52 44
52 65
52 66
53 42
53 43
53 67
53 68
54 41
54 45
54 66
54 72
55 42
55 46
55 67
55 263
56 43
56 47
56 68
56 74
57 44
57 48
57 65
57 73
58 38
58 50
58 61
58 75
59 39
59 51
59 62
59 76
60 40
60 64
61 45
61 58
61 72
61 79
62 46
62 59
62 80
62 263
63 48
63 73
64 47
64 60
64 74
64 81
65 52
65 57
65 77
65 84
66 52
66 54
66 77
66 82
67 53
67 55
67 78
67 83
68 53
68 56
68 78
68 85
69 49
69 70
69 71
69 90
70 50
70 69
70 75
70 264
71 51
71 69
71 76
71 91
72 54
72 61
72 82
72 86
73 57
73 63
73 84
73 88
74 56
74 64
74 85
74 89
75 58
75 70
75 79
75 92
76 59
76 71
76 80
76 93
77 65
77 66
77 94
77 95
78 67
78 68
78 96
78 97
79 61
79 75
79 86
79 100
80 62
80 76
80 87
80 101
81 64
81 89
82 66
82 72
82 94
82 98
83 67
83 96
83 99
83 263
84 65
84 73
84 95
84 184
85 68
85 74
85 97
85 265
86 72
86 79
86 98
86 103
87 80
87 99
87 102
87 263
88 73
88 104
88 184
89 74
89 81
89 265
90 69
90 91
90 107
90 264
91 71
91 90
91 93
91 113
92 75
92 100
92 114
92 264
93 76
93 91
93 101
93 115
94 77
94 82
94 105
94 108
95 77
95 84
95 105
95 109
96 78
96 83
96 106
96 110
97 78
97 85
97 106
97 111
98 82
98 86
98 108
98 116
99 83
99 87
99 110
99 266
100 79
100 92
100 103
100 118
101 80
101 93
101 102
101 119
102 87
102 101
102 124
102 266
103 86
103 100
103 116
103 185
104 88
104 117
104 125
105 94
105 95
105 120
105 121
106 96
106 97
106 122
106 123
107 90
107 112
107 113
107 129
108 94
108 98
108 120
108 126
109 95
109 121
109 127
109 184
110 96
110 99
110 122
110 128
111 97
111 123
111 265
112 107
112 114
112 130
112 264
113 91
113 107
113 115
113 131
114 92
114 112
114 118
114 132
115 93
115 113
115 119
115 133
116 98
116 103
116 126
116 134
117 104
117 127
117 136
117 184
118 100
118 114
118 185
118 267
119 101
119 115
119 124
119 139
120 105
120 108
120 137
120 140
121 105
121 109
121 137
121 141
122 106
122 110
122 138
122 142
123 106
123 111
123 138
123 143
124 102
124 119
124 135
124 147
125 104
125 136
126 108
126 116
126 140
126 268
127 109
127 117
127 141
127 145
128 110
128 142
128 144
128 266
129 107
129 130
129 131
129 148
130 112
130 129
130 132
130 149
131 113
131 129
131 133
131 150
132 114
132 130
132 156
132 267
133 115
133 131
133 139
133 155
134 116
134 185
134 268
134 269
135 124
135 144
135 154
135 266
136 117
136 125
136 145
137 120
137 121
137 151
137 152
138 122
138 123
138 153
138 186
139 119
139 133
139 147
139 161
140 120
140 126
140 151
140 157
141 121
141 127
141 152
141 158
142 122
142 128
142 153
142 159
143 123
143 186
144 128
144 135
144 159
144 163
145 127
145 136
145 158
145 187
146 185
146 267
146 269
146 360
147 124
147 139
147 154
147 188
148 129
148 149
148 150
148 191
149 130
149 148
149 156
149 272
150 131
150 148
150 155
150 273
151 137
151 140
151 270
151 271
152 137
152 141
152 270
152 362
153 138
153 142
153 189
153 361
154 135
154 147
154 163
154 193
155 133
155 150
155 161
155 277
156 132
156 149
156 160
156 276
157 140
157 268
157 271
157 274
158 141
158 145
158 194
158 362
159 142
159 144
159 189
159 275
160 156
160 195
160 267
160 360
161 139
161 155
161 188
161 196
162 197
162 268
162 269
162 274
163 144
163 154
163 164
163 275
164 163
164 193
164 205
164 209
165 191
165 213
165 282
165 283
166 207
166 276
166 282
166 294
167 199
167 280
167 292
168 170
168 211
168 304
168 365
169 206
169 220
169 303
169 366
170 168
170 171
170 209
170 312
171 170
171 173
171 212
171 318
172 226
172 291
172 300
172 371
173 171
173 298
173 320
173 322
174 236
174 303
174 305
174 325
175 233
175 306
175 328
175 369
176 241
176 242
176 313
176 314
177 315
177 316
178 231
178 238
178 312
178 337
179 228
179 334
180 8
180 11
180 19
180 261
181 9
181 16
181 17
181 262
182 15
182 23
183 25
183 31
183 38
183 261
184 84
184 88
184 109
184 117
185 103
185 118
185 134
185 146
186 138
186 143
186 190
186 361
187 145
187 194
187 278
188 147
188 161
188 193
188 363
189 153
189 159
189 199
189 202
190 186
190 280
191 148
191 165
191 272
191 273
192 197
192 269
192 360
192 364
193 154
193 164
193 188
193 365
194 158
194 187
194 203
194 281
195 160
195 200
195 207
195 276
196 161
196 208
196 277
196 363
197 162
197 192
197 204
197 287
198 206
198 270
198 285
198 362
199 167
199 189
199 286
199 361
200 195
200 289
200 360
200 364
201 210
201 271
201 274
201 366
202 189
202 275
202 286
202 288
203 194
203 285
203 362
203 367
204 197
204 210
204 274
204 290
205 164
205 212
205 275
205 288
206 169
206 198
206 279
206 368
207 166
207 195
207 218
207 289
208 196
208 211
208 219
208 284
209 164
209 170
209 212
209 365
210 201
210 204
210 293
210 297
211 168
211 208
211 301
211 363
212 171
212 205
212 209
212 298
213 165
213 216
213 217
213 308
214 286
214 288
214 306
214 369
215 221
215 285
215 307
215 367
216 213
216 282
216 294
216 309
217 213
217 224
217 283
217 295
218 207
218 227
218 294
218 300
219 208
219 295
219 301
219 370
220 169
220 313
220 314
220 368
221 215
221 228
221 314
221 368
222 316
223 290
223 296
223 311
223 317
224 217
224 308
224 310
224 324
225 227
225 234
225 294
225 309
226 172
226 296
226 317
226 327
227 218
227 225
227 229
227 329
228 179
228 221
228 307
228 326
229 227
229 237
229 300
229 371
230 231
230 301
230 331
230 370
231 178
231 230
231 304
231 372
232 308
232 323
232 324
232 336
233 175
233 244
233 315
234 225
234 323
234 329
234 338
235 310
235 324
235 330
235 339
236 174
236 319
236 333
236 373
237 229
237 243
237 329
237 377
238 178
238 318
238 335
238 341
239 319
239 321
239 373
239 374
240 249
240 320
240 322
240 340
241 176
241 325
241 376
241 379
242 176
242 326
242 342
242 376
243 237
243 248
243 371
243 383
244 233
244 328
244 382
245 321
245 332
245 374
245 385
246 323
246 336
246 338
246 389
247 324
247 336
247 339
247 390
248 243
248 327
248 344
248 375
249 240
249 328
249 382
249 387
250 329
250 338
250 377
250 396
251 330
251 339
251 378
251 397
252 348
252 374
252 385
252 419
253 388
253 406
253 424
253 435
254 256
254 408
254 424
254 440
255 428
255 432
256 254
256 445
257 460
257 476
257 479
258 353
258 461
258 477
258 489
259 353
259 489
259 490
259 495
260 3
260 5
260 8
260 13
261 16
261 22
261 180
261 183
262 25
262 26
262 35
262 181
263 55
263 62
263 83
263 87
264 70
264 90
264 92
264 112
265 85
265 89
265 111
266 99
266 102
266 128
266 135
267 118
267 132
267 146
267 160
268 126
268 134
268 157
268 162
269 134
269 146
269 162
269 192
270 151
270 152
270 198
270 279
271 151
271 157
271 201
271 279
272 149
272 191
272 276
272 282
273 150
273 191
273 277
273 283
274 157
274 162
274 201
274 204
275 159
275 163
275 202
275 205
276 156
276 166
276 195
276 272
277 155
277 196
277 273
277 284
278 187
278 281
279 206
279 270
279 271
279 366
280 167
280 190
280 361
281 194
281 278
281 367
282 165
282 166
282 216
282 272
283 165
283 217
283 273
283 284
284 208
284 277
284 283
284 295
285 198
285 203
285 215
285 368
286 199
286 202
286 214
286 292
287 197
287 290
287 296
287 364
288 202
288 205
288 214
288 298
289 200
289 207
289 291
289 300
290 204
290 223
290 287
290 297
291 172
291 289
291 296
291 364
292 167
292 286
292 302
292 369
293 210
293 303
293 305
293 366
294 166
294 216
294 218
294 225
295 217
295 219
295 284
295 310
296 223
296 226
296 287
296 291
297 210
297 290
297 305
297 311
298 173
298 212
298 288
298 306
299 307
299 367
300 172
300 218
300 229
300 289
301 211
301 219
301 230
301 304
302 292
302 315
302 316
303 169
303 174
303 293
303 313
304 168
304 231
304 301
304 312
305 174
305 293
305 297
305 319
306 175
306 214
306 298
306 320
307 215
307 228
307 299
308 213
308 224
308 232
308 309
309 216
309 225
309 308
309 323
310 224
310 235
310 295
310 370
311 223
311 297
311 319
311 321
312 170
312 178
312 304
312 318
313 176
313 220
313 303
313 325
314 176
314 220
314 221
314 326
315 177
315 233
315 302
315 369
316 177
316 222
316 302
317 223
317 226
317 321
317 332
318 171
318 238
318 312
318 322
319 236
319 239
319 305
319 311
320 173
320 240
320 306
320 328
321 239
321 245
321 311
321 317
322 173
322 240
322 318
322 335
323 232
323 234
323 246
323 309
324 224
324 232
324 235
324 247
325 174
325 241
325 313
325 333
326 228
326 242
326 314
326 334
327 226
327 248
327 332
327 371
328 175
328 244
328 249
328 320
329 227
329 234
329 237
329 250
330 235
330 251
330 331
330 370
331 230
331 330
331 372
331 378
332 245
332 317
332 327
332 375
333 236
333 325
333 379
333 380
334 179
334 326
334 342
334 381
335 238
335 322
335 340
335 386
336 232
336 246
336 247
336 345
337 178
337 341
337 372
337 388
338 234
338 246
338 250
338 391
339 235
339 247
339 251
339 346
340 240
340 335
340 387
340 398
341 238
341 337
341 386
341 399
342 242
342 334
342 393
342 395
343 348
343 373
343 374
343 402
344 248
344 347
344 383
344 412
345 336
345 349
345 389
345 390
346 339
346 390
346 397
346 418
347 344
347 375
347 407
347 423
348 252
348 343
348 425
348 429
349 345
349 415
349 416
349 436
350 351
350 405
350 426
350 452
351 350
351 412
351 444
351 455
352 453
352 469
352 473
353 258
353 259
353 465
353 483
354 466
354 479
355 470
355 478
355 487
355 491
356 477
356 488
356 489
357 478
357 486
357 491
357 494
358 488
359 497
359 499
360 146
360 160
360 192
360 200
361 153
361 186
361 199
361 280
362 152
362 158
362 198
362 203
363 188
363 196
363 211
363 365
364 192
364 200
364 287
364 291
365 168
365 193
365 209
365 363
366 169
366 201
366 279
366 293
367 203
367 215
367 281
367 299
368 206
368 220
368 221
368 285
369 175
369 214
369 292
369 315
370 219
370 230
370 310
370 330
371 172
371 229
371 243
371 327
372 231
372 331
372 337
372 384
373 236
373 239
373 343
373 380
374 239
374 245
374 252
374 343
375 248
375 332
375 347
375 385
376 241
376 242
376 392
376 393
377 237
377 250
377 383
377 400
378 251
378 331
378 384
378 401
379 241
379 333
379 392
379 394
380 333
380 373
380 394
380 402
381 334
381 395
381 404
382 244
382 249
382 403
383 243
383 344
383 377
383 405
384 372
384 378
384 388
384 406
385 245
385 252
385 375
385 407
386 335
386 341
386 398
386 408
387 249
387 340
387 403
387 409
388 253
388 337
388 384
388 399
389 246
389 345
389 391
389 415
390 247
390 345
390 346
390 416
391 338
391 389
391 396
391 417
392 376
392 379
392 410
393 342
393 376
393 411
394 379
394 380
394 410
394 414
395 342
395 381
395 411
396 250
396 391
396 400
396 421
397 251
397 346
397 401
397 422
398 340
398 386
398 409
398 420
399 341
399 388
399 408
399 424
400 377
400 396
400 405
400 426
401 378
401 397
401 406
401 427
402 343
402 380
402 414
402 425
403 382
403 387
403 413
404 381
405 350
405 383
405 400
405 412
406 253
406 384
406 401
406 431
407 347
407 385
407 419
407 430
408 254
408 386
408 399
408 420
409 387
409 398
410 392
410 394
410 428
410 432
411 393
411 395
411 433
412 344
412 351
412 405
412 423
413 403
414 394
414 402
414 432
414 434
415 349
415 389
415 417
415 438
416 349
416 390
416 418
416 439
417 391
417 415
417 421
417 441
418 346
418 416
418 422
418 442
419 252
419 407
419 429
419 437
420 398
420 408
420 440
421 396
421 417
421 426
421 446
422 397
422 418
422 427
422 447
423 347
423 412
423 430
423 444
424 253
424 254
424 399
424 445
425 348
425 402
425 434
425 443
426 350
426 400
426 421
426 448
427 401
427 422
427 431
427 449
428 255
428 410
429 348
429 419
429 443
429 450
430 407
430 423
430 437
430 451
431 406
431 427
431 435
431 453
432 255
432 410
432 414
433 411
434 414
434 425
434 454
435 253
435 431
435 445
435 456
436 349
436 438
436 439
436 458
437 419
437 430
437 450
437 457
438 415
438 436
438 441
438 459
439 416
439 436
439 442
439 460
440 254
440 420
441 417
441 438
441 446
441 461
442 418
442 439
442 447
442 462
443 425
443 429
443 454
444 351
444 423
444 451
444 463
445 256
445 424
445 435
445 464
446 421
446 441
446 448
446 465
447 422
447 442
447 449
447 466
448 426
448 446
448 452
448 467
449 427
449 447
449 453
449 469
450 429
450 437
450 468
451 430
451 444
451 457
451 470
452 350
452 448
452 455
452 471
453 352
453 431
453 449
453 456
454 434
454 443
455 351
455 452
455 463
455 472
456 435
456 453
456 464
456 473
457 437
457 451
457 468
457 475
458 436
458 459
458 460
458 476
459 438
459 458
459 461
459 477
460 257
460 439
460 458
460 462
461 258
461 441
461 459
461 465
462 442
462 460
462 466
462 479
463 444
463 455
463 470
463 478
464 445
464 456
464 480
465 353
465 446
465 461
465 467
466 354
466 447
466 462
466 469
467 448
467 465
467 471
467 483
468 450
468 457
468 474
468 481
469 352
469 449
469 466
470 355
470 451
470 463
470 475
471 452
471 467
471 472
471 484
472 455
472 471
472 478
472 486
473 352
473 456
473 480
474 468
474 482
474 485
475 457
475 470
475 481
475 487
476 257
476 458
476 477
476 488
477 258
477 356
477 459
477 476
478 355
478 357
478 463
478 472
479 257
479 354
479 462
480 464
480 473
481 468
481 475
481 485
482 474
483 353
483 467
483 484
483 490
484 471
484 483
484 486
484 492
485 474
485 481
486 357
486 472
486 484
486 493
487 355
487 475
488 356
488 358
488 476
489 258
489 259
489 356
490 259
490 483
490 492
490 497
491 355
491 357
491 496
492 484
492 490
492 493
492 498
493 486
493 492
493 494
494 357
494 493
494 496
495 259
495 497
496 491
496 494
497 359
497 490
497 495
497 498
498 492
498 497
499 359

