7,2,0,18,218.976336376604,51.7581147474006,2,2
9,3,0,12,18,130.585957113714,61.5823090651312,47.5690771800471,2,2,2
65,5,0,2,7,9,56,100.496404289934,95.699947256058,75.3902839529182,49.4365757936446,31.0696270880257,2,2,2,2,2
57,1,1,99.2599507700804,2
62,5,3,4,52,10,34,87.0478511564694,48.7370695182099,32.4159040640112,30.3406399706077,27.5283108474568,2,2,2,2,2
8,2,4,22,80.9945918724942,48.7463923485798,2,2
13,2,5,36,80.5433592624698,38.2170718177176,2,2
66,1,6,78.5201556015526,2
63,5,0,7,9,18,56,77.4507362124549,56.7023036004507,45.4385731314647,39.4927902880886,29.6492232499201,2,2,2,2,2
67,1,1,73.338297794629,2
56,3,7,9,0,72.8038255516103,68.0308582124509,67.2222483102851,2,2,2
34,2,4,8,71.0204678432229,49.2099114907542,2,2
40,3,8,4,34,70.1019485630451,65.5224023241307,33.2431124409016,2,2,2
61,2,10,26,67.6683255425428,41.9594901253776,2,2
68,4,9,18,7,0,65.2216242794123,42.2205867992895,28.0127604517927,27.6950203555955,2,2,2,2
53,1,11,61.8935505604862,2
49,2,11,55,61.3326465540866,27.9537753260779,2,2
69,2,6,15,60.9758184780543,54.9203140070823,2,2
47,3,5,13,36,59.0309876622862,57.106805455633,31.9477611574235,2,2,2
52,3,4,34,8,58.2752175144142,37.4898439059324,34.4579724323338,2,2,2
26,1,10,57.1212181225177,2
70,1,14,56.4729371608447,2
38,3,5,13,47,55.458987593891,40.0944487628919,34.2610260194547,2,2,2
71,1,16,53.3080123801526,2
72,2,17,30,52.2516481340154,40.2852764776986,2,2
6,2,15,54,51.7809737833008,28.7415576386347,2,2
73,2,16,33,51.5421269248518,38.6967543270184,2,2
74,2,1,57,49.7074990887017,30.7436954772952,2,2
75,1,19,49.4943580815034,2
10,1,8,49.1958431786666,2
18,1,0,49.1315598571846,2
14,1,20,49.0979228576938,2
76,1,21,48.8367182718568,2
77,1,4,47.6971904980184,2
78,3,13,5,46,47.3692593125211,34.189451450421,31.3000640097363,2,2,2
79,3,10,26,61,47.0458448042359,43.5547810056279,29.7895042612804,2,2,2
80,1,0,46.5087732195505,2
81,1,23,46.3185045042274,2
82,1,24,45.1865441724243,2
83,1,1,44.9310886060597,2
84,1,25,44.6424072219333,2
85,1,1,44.411616156713,2
86,1,16,43.9287580713832,2
87,3,4,34,8,43.58087080226,38.6204093926391,29.7149700505168,2,2,2
41,1,27,42.7605543687218,2
22,1,4,42.6545532998124,2
19,1,28,41.844156034107,2
88,1,4,41.6609793608486,2
89,2,13,36,41.143005782131,29.9950407502169,2,2
90,2,4,8,41.0752862300335,39.1783638593367,2,2
91,2,29,37,40.5140213300316,38.1861679646398,2,2
92,1,31,40.1707769812612,2
93,1,27,39.6939250933745,2
94,1,24,39.6591685144046,2
12,3,0,18,7,39.4283555287151,38.4388407247203,32.3785990574215,2,2,2
46,3,5,38,36,39.3746613100054,37.7351192050226,28.4044880010502,2,2,2
95,1,32,39.2056647491871,2
96,2,4,8,38.7878998106771,34.7547572515866,2,2
97,3,13,5,46,38.7558751245988,35.9150002082483,33.125531807149,2,2,2
37,1,35,38.2472659309956,2
98,1,11,38.1600149921478,2
99,2,37,35,38.0754161405893,28.7752485064847,2,2
48,1,4,37.6888789850974,2
100,2,27,41,37.5148408120267,35.9901433585882,2,2
101,1,39,37.4128611195791,2
102,2,4,8,36.8714072111282,31.434448584363,2,2
103,1,8,36.8085758743246,2
104,2,4,8,36.7734005886271,32.433973042373,2,2
54,2,13,46,36.7489711808836,32.0538321352545,2,2
43,1,40,36.4562330694347,2
105,1,24,36.2840052703205,2
106,1,4,36.265398624004,2
107,1,42,35.9331757982403,2
44,2,43,48,35.8597376840081,28.7741416298221,2,2
108,2,44,48,35.529013172125,28.0443075749443,2,2
109,1,45,35.4788737217246,2
110,3,5,46,47,35.2216924244386,28.0787417013678,27.5176036704799,2,2,2
111,3,46,36,5,35.179284584283,29.7080618787469,29.366050896785,2,2,2
36,1,5,34.2651172684553,2
112,1,4,34.2206379366046,2
113,1,45,34.1402682219101,2
25,1,4,33.3438475587749,2
114,2,31,44,33.2058821789924,28.4563637069041,2,2
23,2,11,55,33.1280263729853,28.9810421718882,2,2
115,1,24,33.0122269886824,2
29,1,48,32.8514373771752,2
116,2,37,14,32.8309889720149,28.7524900609755,2,2
11,1,25,32.7112627462319,2
117,1,49,32.7054160731033,2
16,1,50,32.6605235585801,2
59,1,51,32.5385753092168,2
55,1,53,32.0364497268572,2
31,2,23,50,31.5630220898889,28.1389886762458,2,2
118,1,18,31.5325357896199,2
119,1,54,31.4341154242853,2
50,1,55,31.3947888521294,2
3,1,4,31.370877521834,2
120,1,33,31.3498519546744,2
121,3,47,46,13,31.2951340357398,29.6194389535473,27.9503294459865,2,2,2
122,2,4,8,31.1209138962239,27.983522389573,2,2
123,1,16,31.0802876242765,2
124,1,4,30.9900730954794,2
35,1,55,30.6907205878204,2
24,2,58,42,30.6351955362936,30.5473246589349,2,2
125,1,36,30.5362527055796,2
126,1,59,30.3413449500164,2
127,1,36,30.198991180766,2
128,1,60,30.1749727115797,2
129,2,23,31,29.9542680043966,28.1181692202673,2,2
130,1,4,29.9424998965836,2
58,1,19,29.9069884195817,2
131,1,27,29.9064917223265,2
15,1,54,29.7850269183546,2
132,1,8,29.3069948500416,2
133,1,62,29.3022918719019,2
134,1,54,29.1375029685257,2
28,1,16,28.842787715724,2
135,2,63,9,28.686709703437,27.7594294392111,2,2
64,1,33,28.3627793277514,2
2,2,9,0,28.3523884604136,27.964346753556,2,2
136,1,32,28.2096291263425,2
137,1,62,28.1216287794484,2
138,1,36,28.0454883002935,2
139,1,64,27.6832532767916,2
