6,2,0,21,5.17909511343429,2.74963213465003,2,2
0,1,1,5.08367935450685,2
28,1,2,4.97970063646534,2
12,3,3,5,29,4.85916489441876,4.60085273472126,2.37502224509762,2,2,2
10,1,4,4.79621488490329,2
19,1,6,4.56553460691934,2
5,1,3,4.48202309586842,2
11,1,5,4.38579297114195,2
26,3,7,8,16,4.22512648094464,4.09989155945536,3.16736313271875,2,2,2
32,4,5,11,12,15,4.2178501293816,3.79651536364643,3.76714865369711,3.20467472047865,2,2,2,2
33,1,9,4.05271171256362,2
18,1,10,3.89258535994185,2
34,1,6,3.8510160733782,2
14,1,13,3.76542047830079,2
35,3,12,3,29,3.7463902971265,3.7037167339579,2.45089720263724,2,2,2
36,3,0,6,19,3.7356732636974,3.07782658696912,2.90136785825731,2,2,2
15,2,11,5,3.61707887223878,3.33021693128542,2,2
37,3,12,3,5,3.59180256153735,3.37920749117994,3.12697672911483,2,2,2
24,1,4,3.56827646123693,2
25,1,14,3.50748528834997,2
38,2,10,18,3.46833975486173,3.03189475590424,2,2
39,1,2,3.29473478857786,2
40,2,0,19,3.27253020606482,2.96990943940423,2,2
41,3,4,18,10,3.14952830711962,2.68436145412694,2.6398417886999,2,2,2
42,4,3,11,12,5,3.12462018458965,3.11216257500443,2.92047644518072,2.79048595086766,2,2,2,2
43,1,17,3.10552702466128,2
44,3,6,0,19,3.0244840057323,2.57871500018663,2.30297730274537,2,2,2
45,2,10,4,2.98919577936608,2.59053622855878,2,2
46,3,10,18,4,2.96716782092394,2.87061097075158,2.76321389636849,2,2,2
47,1,10,2.93534766943062,2
48,1,0,2.89269845185349,2
49,1,20,2.83443941362646,2
50,1,0,2.7862284811408,2
51,1,6,2.7791898774242,2
9,1,22,2.73837962073702,2
52,3,10,4,18,2.71458277249794,2.49976796651995,2.3205122423388,2,2,2
53,1,6,2.69309750734274,2
54,1,23,2.66653134718784,2
55,1,23,2.64041706491015,2
56,3,24,18,4,2.62781799374699,2.46530615267669,2.28689379079759,2,2,2
57,2,3,12,2.60983654622166,2.2858243205731,2,2
58,1,3,2.55486607174117,2
59,2,25,14,2.5344277965266,2.45405417754994,2,2
60,1,26,2.5312084906047,2
61,1,27,2.46324288664968,2
62,1,28,2.45428680043097,2
63,1,10,2.40144435791514,2
64,2,10,4,2.37504779164363,2.1812518617208,2,2
65,1,14,2.36921313174954,2
66,2,5,3,2.36328297281726,2.27686858912981,2,2
67,2,4,10,2.35813033708,2.34535142050231,2,2
68,1,30,2.34773924173267,2
69,1,3,2.3297101733954,2
70,1,23,2.29999994665379,2
22,1,31,2.26948335877142,2
71,1,3,2.26329607836664,2
72,1,23,2.23827641448206,2
73,2,3,5,2.22393781394239,2.18422730839961,2,2
74,1,10,2.18626892431048,2
