72,1,1,185.78680093658,2
73,1,2,158.71429010015,2
74,3,3,6,26,79.7143441056492,39.4120470102463,35.7225002045161,2,2,2
61,3,4,11,55,79.4089837602706,67.5781854051588,37.1133633656164,2,2,2
20,1,5,78.242220557996,2
75,1,6,73.8897269823956,2
47,4,7,31,43,71,69.6656911149201,41.1764766846942,40.3679906895749,31.0845226974212,2,2,2,2
76,1,8,69.426602913053,2
77,1,9,68.7285764734486,2
55,1,4,68.0946324343926,2
65,1,10,68.0563318499962,2
78,1,12,67.0570945673675,2
79,1,13,65.9840866437114,2
80,1,14,65.5716623856611,2
81,1,15,65.2857244926745,2
30,4,7,31,43,69,61.1994095591567,37.9968381112353,34.1069194148836,31.5912736986358,2,2,2,2
82,1,16,61.0610577641615,2
83,1,17,59.8647060638958,2
28,3,18,40,58,59.2762400738882,41.34265380868,36.1205450389588,2,2,2
84,1,19,59.1929699229557,2
60,3,5,21,20,59.0146703746706,56.6737092259701,34.1261034488996,2,2,2
21,2,20,5,58.8692815673535,58.395976718109,2,2
31,1,7,56.6775843867911,2
50,1,22,56.3045744822072,2
3,2,6,26,55.2744651415559,50.9104725695267,2,2
85,2,18,40,55.0498747764944,36.6604819501686,2,2
86,1,23,53.5799859690738,2
87,1,24,52.3405987445803,2
40,1,18,52.1805781915863,2
54,1,25,52.1243616689543,2
42,3,18,40,28,52.1085850673664,32.3694677317515,32.2758195702418,2,2,2
88,2,7,43,51.3336754333998,36.7146830552688,2,2
67,1,5,51.1667571348656,2
89,1,6,50.6118609038265,2
6,1,27,50.4274431925087,2
90,1,28,50.146517886835,2
91,4,18,40,28,58,49.6325456549779,35.5398532257823,33.1316835644651,32.532379653162,2,2,2,2
66,2,7,31,49.3591774082715,33.0884175777472,2,2
92,2,7,31,48.9795907854837,31.2717196579317,2,2
93,4,20,5,60,21,48.9244762904858,42.7010733894254,35.3788991310483,34.5048787129128,2,2,2,2
57,1,29,48.6312864238315,2
94,2,25,54,48.5125975361324,37.3089123074606,2,2
59,3,10,37,18,47.9051776931754,37.3346599077758,34.2060561333506,2,2,2
95,2,18,6,47.8825618338992,45.9390580962075,2,2
96,1,30,47.6151584855112,2
26,3,28,18,40,47.5146030888517,39.195094910432,36.4124772551833,2,2,2
97,1,7,47.3764411376568,2
37,1,18,46.8898693932671,2
98,1,4,46.8313018953401,2
99,2,10,33,46.4905306372225,37.614186125272,2,2
100,3,20,5,67,46.3599257095386,39.682834956548,31.6273957580797,2,2,2
15,1,11,46.2764314726019,2
29,4,7,31,48,66,46.2733036662771,45.5723935448742,38.6297586906475,32.9546714976114,2,2,2,2
101,2,18,28,45.6307309085702,34.1737024027935,2,2
102,2,20,5,45.4041474203655,37.0599472089422,2,2
103,2,6,64,45.0388703286869,33.6832955382591,2,2
104,1,18,44.7530635001645,2
105,1,6,44.6073174125924,2
38,1,32,43.4361672526946,2
43,3,7,31,29,43.3454387515069,42.761765804008,36.6185541490252,2,2,2
106,1,18,43.2386281708018,2
107,1,33,43.0865574478341,2
32,1,10,43.0432750786098,2
108,1,34,42.8446400162016,2
109,1,28,42.6926836862534,2
110,1,35,42.6418371602332,2
52,1,36,42.5292600533294,2
111,2,37,18,42.3928886499288,31.8399332321225,2,2
112,1,4,42.2694728330569,2
33,3,38,10,32,41.983037759913,37.7528327563414,37.5666602807536,2,2,2
113,1,39,41.7525743240529,2
114,2,7,43,41.3753876115741,32.504380867078,2,2
115,1,31,41.1955698529999,2
116,1,41,40.9901778019044,2
117,1,18,40.7837684256957,2
118,3,42,6,18,40.6038241108475,36.9331628787298,36.5837353376358,2,2,2
119,1,4,40.5376322478219,2
120,2,4,61,40.2980854320328,32.6495005583123,2,2
121,1,25,40.2481678888586,2
122,1,44,40.093311629521,2
123,1,45,39.6644289952775,2
70,2,40,18,39.6139307905825,38.4645844070827,2,2
124,2,18,28,38.9776448828053,32.847333023543,2,2
125,1,46,38.8352035162283,2
126,1,47,38.801970007686,2
10,2,41,37,38.5022295648798,38.1848397119003,2,2
127,1,44,38.4373254207172,2
128,1,49,38.2025334266308,2
129,1,50,38.1413818330132,2
130,1,6,38.0172458523448,2
11,2,51,4,37.9982690782537,31.5679555908611,2,2
131,1,4,37.9822440717249,2
19,2,18,70,37.9415714727016,31.0896090234243,2,2
132,2,52,36,37.6582451040926,37.3898052709483,2,2
133,2,40,18,37.646138716414,36.0487193086108,2,2
134,1,53,37.4984131287718,2
135,1,28,37.4636994573115,2
16,1,11,37.2796265445854,2
136,1,44,36.8950071725601,2
17,1,18,36.7174161593517,2
137,1,56,36.580811048179,2
138,1,57,36.2735660762522,2
139,2,43,66,36.2671915044809,31.2073815764175,2,2
140,1,26,36.0750930248527,2
51,1,4,36.052276813322,2
141,1,59,35.9137950861005,2
142,1,49,35.8820327311283,2
143,1,4,35.5934102563366,2
64,2,18,6,35.2636208073912,33.6113899836068,2,2
144,2,61,4,35.2326378168043,33.512912343,2,2
58,1,18,35.1982826877096,2
145,2,18,40,35.1037958162809,32.4374371946619,2,2
18,1,6,34.8896952246395,2
146,1,49,34.7922828722181,2
41,1,37,34.7096572283456,2
147,1,62,34.1065391028823,2
148,1,63,34.0465034263662,2
149,1,40,33.5670912277823,2
150,1,65,33.5513990224989,2
151,2,28,18,33.2755956443947,32.3233348579396,2,2
152,1,18,33.2426865935297,2
153,1,5,32.990774224692,2
154,1,41,32.881792646198,2
155,1,28,32.597896678404,2
49,1,28,32.5823168549993,2
68,1,41,32.5276150911688,2
156,1,24,32.2214590519546,2
157,1,44,31.8503435365278,2
158,1,28,31.7616644234541,2
159,1,29,31.7144715373014,2
39,1,68,31.6216528713241,2
160,1,6,31.5777579091505,2
161,1,28,31.3978101729163,2
62,1,59,31.3204484024741,2
162,1,65,31.0612112361608,2
163,1,46,31.05548037293,2
